0 1
1 1
3 1
4 1
5 1
6 1
7 1
8 1
9 1
10 1
11 1
13 1
14 1
15 1
17 1
18 1
19 1
20 1
22 1
24 1
27 1
28 1
29 1
30 1
31 1
32 1
33 1
34 1
36 1
37 1
38 1
39 1
41 1
45 1
48 1
50 1
51 1
57 1
60 1
62 1
71 1
87 1
91 1
92 1
93 1
95 1
101 1
102 1
103 1
106 1
107 1
118 1
125 1
126 1
131 1
132 1
141 1
142 1
155 1
156 1
158 1
159 1
160 1
161 1
162 1
163 1
164 1
165 1
166 1
167 1
168 1
169 1
170 1
171 1
172 1
180 1
181 1
183 1
184 1
185 1
186 1
187 1
188 1
189 1
190 1
191 1
192 1
193 1
194 1
195 1
196 1
197 1
198 1
199 1
200 1
201 1
202 1
206 1
212 1
213 1
214 1
215 1
216 1
217 1
218 1
219 1
227 1
228 1
229 1
230 1
233 1
234 1
235 1
236 1
237 1
238 1
239 1
240 1
241 1
242 1
243 1
244 1
245 1
246 1
247 1
248 1
249 1
250 1
251 1
252 1
253 1
254 1
255 1
256 1
257 1
258 1
259 1
304 1
330 1
331 1
332 1
333 1
334 1
335 1
342 1
343 1
344 1
345 1
346 1
347 1
348 1
349 1
350 1
351 1
352 1
353 1
354 1
355 1
356 1
357 1
358 1
359 1
360 1
361 1
362 1
363 1
364 1
365 1
366 1
367 1
1000 1
1001 1
2001 1
2002 1
2003 1
2004 1
2005 1
2006 1
2007 1
2008 1
2009 1
2010 1
2011 1
2012 1
2013 1
2014 1
2015 1
2016 1
2017 1
2018 1
2019 1
2020 1
2021 1
2022 1
2023 1
2024 1
2025 1
2026 1
2027 1
2028 1
2029 1
2030 1
2031 1
2032 1
2033 1
2034 1
2035 1
2036 1
2037 1
2038 1
2039 1
2040 1
2041 1
2042 1
2043 1
2044 1
2045 1
2046 1
2047 1
3000 1
3001 1
3002 1
3003 1
3004 1
3005 1
3006 1
3007 1
3008 1
3009 1
3010 1
3011 1
3012 1
3013 1
3014 1
3015 1
3016 1
3017 1
3018 1
3019 1
3020 1
3021 1
3022 1
3023 1
3024 1
3025 1
3026 1
3027 1
3028 1